xx =

   100
   100
   102
    98
